------member------category------
0,2978,19603,172516,1136,172
1,7633,37469,327484,1144,233
------age------category------
0,10611,57072,500000,1141,212
------gender------category------
1,4474,19199,218212,879,205
2,6137,37873,281788,1344,217
------newV------category------
0,10611,57072,500000,1141,212
------sameprovice------category------
0,9081,45337,412654,1098,220
1,1530,11735,87346,1343,175
------samecity------category------
0,9954,51361,460251,1115,216
1,657,5711,39749,1436,165
------fans------partation------
3,542,6128,49977,1226,108
1751,755,5794,50023,1158,150
6008,910,5492,49973,1098,182
17303,1042,5726,49970,1145,208
48966,959,5836,50025,1166,191
123082,1057,5633,50029,1125,211
272438,1069,6292,49998,1258,213
481340,1093,5415,50003,1082,218
982604,1249,5368,48963,1096,255
1936679,1935,5388,51039,1055,379
------follows------partation------
0,873,6137,49867,1230,175
258,852,6343,49986,1268,170
393,860,5857,50017,1170,171
536,911,5885,49975,1177,182
718,919,5724,50153,1141,183
975,946,5383,49860,1079,189
1408,955,5210,49823,1045,191
2010,1038,5017,50280,997,206
3301,1380,5876,50012,1174,275
6050,1877,5640,50027,1127,375
------weibocount------partation------
0,1567,6712,49960,1343,313
535,1173,6502,49999,1300,234
1021,1246,6606,50029,1320,249
1448,1323,6762,49962,1353,264
1928,980,6567,49965,1314,196
2501,1038,6330,49738,1272,208
3290,821,5527,50161,1101,163
4694,848,5208,50186,1037,168
6961,734,3518,49768,706,147
13366,881,3340,50232,664,175
------samecorp------category------
0,4200,22853,215971,1058,194
1,6411,34219,284029,1204,225
------sameschool------category------
0,7155,39622,351118,1128,203
1,3456,17448,148863,1172,232
2,0,2,18,1052,0
3,0,0,1,0,0
------qinmidu------partation------
-1,8472,38390,330789,1160,256
175,652,5573,51953,1072,125
350,824,7408,66187,1119,124
1043,663,5701,51071,1116,129
------bridgenum------partation------
1,3571,20161,200064,1007,178
2,3452,21611,167114,1293,206
3,1849,9201,71346,1289,259
5,1739,6099,61476,992,282
------level------category------
1,899,2878,26748,1075,336
2,2510,12010,108413,1107,231
3,7201,42184,364819,1156,197
-1,1,0,20,0,476
------isred------category------
0,10384,56083,490000,1144,211
1,226,989,9980,990,226
-1,1,0,20,0,476
------isvip------category------
0,7150,41385,360114,1149,198
1,3460,15687,139866,1121,247
-1,1,0,20,0,476
------samecluster------category------
0,6854,37229,338069,1101,202
1,3006,16534,135657,1218,221
2,692,3039,24040,1264,287
3,59,270,2234,1208,263
------histroyrpm------partation------
-1,475,915,49584,184,95
28,712,1721,50283,342,141
48,725,2374,48177,492,150
66,783,3409,50883,669,153
88,836,4239,49065,863,170
111,993,5441,51534,1055,192
140,1267,6561,48121,1363,263
172,1615,8533,52208,1634,309
214,1308,9703,48922,1983,267
278,1897,14176,51223,2767,370
------histroyctr------partation------
-1,136,3758,40921,918,33
6,289,4335,50691,855,57
11,543,5145,57350,897,94
17,730,5063,49613,1020,147
23,881,5391,50000,1078,176
29,805,4891,43028,1136,187
35,1264,6604,56365,1171,224
45,1369,6585,50557,1302,270
60,1853,7133,51351,1389,360
98,2741,8167,50124,1629,546
------histroyrpm2------partation------
-1,397,7815,48594,1608,81
263,672,7436,51268,1450,131
377,779,6513,45912,1418,169
485,866,6878,48781,1409,177
597,940,6716,54548,1231,172
730,1069,4972,50884,977,210
912,1278,5240,49928,1049,255
1230,1440,4677,50008,935,287
1787,1803,4278,49163,870,366
2634,1367,2547,50914,500,268
------rpmctr------cross------
0,16,78,7400,105,21
1,17,148,4971,297,34
2,17,202,4676,431,36
3,17,282,4632,608,36
4,13,380,4533,838,28
5,12,382,3531,1081,33
6,10,358,2713,1319,36
7,12,463,2788,1660,43
8,11,571,2670,2137,41
9,11,894,3007,2972,36
600,52,91,4251,214,122
601,141,265,7247,365,194
602,94,201,3997,502,235
603,105,401,5579,718,188
604,119,430,5043,852,235
605,138,604,5744,1051,240
606,117,697,5414,1287,216
607,123,799,5154,1549,238
608,246,1694,8708,1945,282
609,129,1422,5228,2719,246
100,22,103,6388,161,34
101,29,141,7608,185,38
102,29,239,5128,465,56
103,36,414,6275,659,57
104,35,566,6739,839,51
105,59,715,7299,979,80
106,38,582,4180,1392,90
107,16,538,3159,1702,50
108,10,458,2005,2283,49
109,15,579,1910,3029,78
700,59,108,3989,270,147
701,100,179,4505,397,221
702,111,285,5164,551,214
703,76,273,3722,733,204
704,151,420,4749,884,317
705,161,673,5958,1129,270
706,120,612,4529,1350,264
707,225,1087,6408,1696,351
708,120,746,3699,2016,324
709,246,2202,7834,2810,313
200,59,118,6540,180,90
201,41,197,5692,346,72
202,64,252,7986,315,80
203,68,460,8602,534,79
204,71,524,5925,884,119
205,73,810,7172,1129,101
206,54,733,5220,1403,103
207,58,793,4820,1644,120
208,32,702,3343,2099,95
209,23,556,2050,2710,112
800,47,41,2087,196,225
801,82,138,3616,381,226
802,131,242,4700,514,278
803,163,398,5422,733,300
804,129,415,4447,933,290
805,132,445,4027,1104,327
806,324,891,6204,1435,522
807,181,824,5100,1615,354
808,259,1299,6649,1953,389
809,405,2440,9099,2681,445
300,54,110,6231,176,86
301,74,198,5224,378,141
302,63,282,5242,537,120
303,58,338,4955,682,117
304,71,447,5245,852,135
305,66,409,4061,1006,162
306,103,815,6324,1288,162
307,86,652,4101,1589,209
308,106,1118,5583,2002,189
309,49,694,2647,2620,185
900,23,27,1176,229,195
901,75,97,2381,407,314
902,76,116,2472,469,307
903,91,216,3011,717,302
904,141,392,4710,832,299
905,190,462,4220,1094,450
906,356,860,5947,1445,598
907,678,1696,9592,1767,706
908,234,894,4787,1867,488
909,877,3407,11828,2880,741
400,66,122,6058,201,108
401,96,200,5258,380,182
402,76,301,4578,657,165
403,73,316,4904,644,148
404,72,431,4988,863,144
405,96,565,5664,997,169
406,64,382,2899,1317,220
407,159,1075,6943,1548,228
408,115,969,4804,2016,239
409,64,1030,3904,2637,163
500,77,117,5464,214,140
501,57,158,3781,417,150
502,64,254,4234,599,151
503,96,311,3781,822,253
504,34,234,2686,870,126
505,66,376,3858,974,171
506,81,631,4691,1344,172
507,77,606,4143,1462,185
508,175,1252,6674,1875,262
509,78,952,3716,2561,209
------member------category------
0,2515,11656,170316,684,147
1,6332,23253,329684,705,192
------age------category------
0,8847,34909,500000,698,176
------gender------category------
1,3565,11858,225002,527,158
2,5282,23051,274998,838,192
------newV------category------
0,8847,34909,500000,698,176
------sameprovice------category------
0,7666,28314,420852,672,182
1,1181,6595,79148,833,149
------samecity------category------
0,8400,31886,465276,685,180
1,447,3023,34724,870,128
------fans------partation------
2,483,3784,49987,756,96
2124,729,3572,50010,714,145
7564,778,3281,49989,656,155
21454,865,3507,49967,701,173
57029,816,3364,49979,673,163
133392,908,3545,49676,713,182
277593,874,3664,49987,732,174
505735,890,3308,50296,657,176
994905,1043,3258,48986,665,212
1936679,1461,3626,51123,709,285
------follows------partation------
0,719,3765,49838,755,144
271,811,3818,49944,764,162
413,772,3687,49955,738,154
565,775,3485,50038,696,154
763,777,3431,50191,683,154
1034,802,3360,49914,673,160
1482,855,3121,50086,623,170
2109,877,3114,49314,631,177
3344,1107,3390,50593,670,218
6028,1352,3738,50127,745,269
------weibocount------partation------
8,1207,4178,49978,835,241
601,1041,4158,49959,832,208
1084,999,3965,50034,792,199
1590,1067,4344,50023,868,213
2076,859,4032,50002,806,171
2735,900,3761,49513,759,181
3659,800,3453,50318,686,158
5107,644,2864,48684,588,132
7569,630,2240,51228,437,122
14396,700,1914,50261,380,139
------samecorp------category------
0,3541,14068,219959,639,160
1,5306,20841,280041,744,189
------sameschool------category------
0,5897,23967,351548,681,167
1,2949,10939,148437,736,198
2,1,3,15,1875,625
------qinmidu------partation------
-1,7260,23669,329661,717,220
175,524,3288,52425,627,99
350,596,4473,66180,675,90
1043,467,3479,51734,672,90
------bridgenum------partation------
1,3688,12761,202540,630,182
2,2485,12535,161466,776,153
3,1368,5757,73242,786,186
5,1306,3856,62752,614,208
------level------category------
1,678,1695,25619,661,264
2,2279,7909,116479,679,195
3,5888,25276,357426,707,164
-1,2,29,476,607,41
------isred------category------
0,8603,34070,488323,697,176
1,242,810,11201,723,216
-1,2,29,476,607,41
------isvip------category------
0,5992,24983,354872,703,168
1,2853,9897,144652,684,197
-1,2,29,476,607,41
------samecluster------category------
0,5530,22094,336151,657,164
1,2693,10616,136943,775,196
2,561,2007,24676,813,227
3,63,192,2230,860,282
------histroyrpm------partation------
-1,346,496,46699,106,74
25,561,1064,51044,208,109
41,529,1367,48816,280,108
57,600,1949,50595,385,118
74,741,2584,50891,507,145
94,867,3258,50756,641,170
116,893,4048,50406,803,177
146,1322,5081,49953,1017,264
183,1339,6188,50599,1222,264
247,1649,8874,50241,1766,328
------histroyctr------partation------
-1,146,2105,40704,517,35
6,328,2896,54193,534,60
11,438,2916,52641,553,83
16,548,2922,47652,613,114
21,638,3122,48701,641,131
27,857,3474,53140,653,161
34,965,3883,50157,774,192
43,1211,3781,50782,744,238
57,1542,4628,51256,902,300
91,2174,5182,50774,1020,428
------histroyrpm2------partation------
-1,374,4480,48706,919,76
278,549,4562,50916,895,107
394,729,4265,50266,848,145
520,789,4287,50080,856,157
641,736,3497,44449,786,165
776,965,3274,55560,589,173
1001,1199,3335,49966,667,239
1320,1120,2910,50028,581,223
1938,1423,2841,49895,569,285
2811,963,1458,50134,290,192
------rpmctr------cross------
0,13,46,7574,60,17
1,13,82,4704,174,27
2,14,122,5266,231,26
3,17,150,4461,336,38
4,21,203,4149,489,50
5,20,238,4063,585,49
6,15,249,3194,779,46
7,10,244,2394,1018,41
8,11,294,2291,1282,47
9,12,477,2608,1828,45
600,38,42,2946,142,128
601,87,133,6564,202,132
602,42,140,3921,356,107
603,68,141,3615,389,188
604,94,254,5077,500,185
605,125,374,5262,710,237
606,91,352,4228,832,215
607,96,492,4747,1036,202
608,163,925,7803,1185,208
609,161,1030,5994,1718,268
100,23,60,6395,93,35
101,37,121,7136,169,51
102,26,106,5678,186,45
103,44,242,6353,380,69
104,35,307,6100,503,57
105,40,409,7068,578,56
106,50,554,6882,804,72
107,43,422,4322,976,99
108,18,317,2427,1305,74
109,12,358,1832,1953,65
700,56,41,3899,105,143
701,80,103,4507,228,177
702,96,157,5519,284,173
703,98,224,4530,494,216
704,106,276,4471,617,237
705,135,405,6227,650,216
706,145,419,5592,749,259
707,144,392,4447,881,323
708,166,665,5622,1182,295
709,185,1099,5968,1841,309
200,35,52,5623,92,62
201,40,106,5423,195,73
202,34,117,5289,221,64
203,39,207,7913,261,49
204,53,307,6678,459,79
205,58,334,5182,644,111
206,66,584,6689,872,98
207,47,414,4387,943,107
208,46,500,3891,1284,118
209,20,295,1566,1882,127
800,22,17,1944,87,113
801,57,80,3159,253,180
802,70,120,4177,287,167
803,77,194,5169,375,148
804,103,283,5307,533,194
805,158,366,4938,741,319
806,112,393,4522,868,247
807,309,774,6336,1221,487
808,237,837,6637,1260,357
809,397,1564,9067,1724,437
300,30,56,5485,102,54
301,44,94,4500,208,97
302,56,158,5068,311,110
303,42,166,4569,363,91
304,75,270,5552,486,135
305,62,336,5657,593,109
306,48,278,3530,787,135
307,88,626,6665,939,132
308,54,417,3492,1193,154
309,49,521,3134,1661,156
900,21,19,1067,177,196
901,61,70,3091,226,197
902,66,90,2872,313,229
903,98,182,4118,441,237
904,78,152,3078,493,253
905,142,306,4949,618,286
906,202,421,5211,807,387
907,414,887,7894,1123,524
908,473,1078,8411,1281,562
909,619,1977,10083,1960,613
400,60,87,6354,136,94
401,38,101,4394,229,86
402,51,168,5214,322,97
403,56,204,4651,438,120
404,77,263,5284,497,145
405,67,278,4127,673,162
406,90,452,6125,737,146
407,58,299,2948,1013,196
408,80,589,5362,1098,149
409,61,681,4242,1604,143
500,48,76,5412,140,88
501,104,174,7566,229,137
502,74,189,5812,325,127
503,61,239,5216,458,116
504,99,269,5195,517,190
505,60,212,3283,645,182
506,74,346,4433,780,166
507,113,531,5813,913,194
508,91,566,4663,1213,195
509,133,872,5747,1517,231
------member------category------
0,2424,13160,173525,758,139
1,5874,25159,326475,770,179
------age------category------
0,8298,38319,500000,766,165
------gender------category------
1,3378,12654,223070,567,151
2,4920,25665,276930,926,177
------newV------category------
0,8298,38319,500000,766,165
------sameprovice------category------
0,7215,31087,418998,741,172
1,1083,7232,81002,892,133
------samecity------category------
0,7884,34972,464491,752,169
1,414,3347,35509,942,116
------fans------partation------
3,463,4195,49995,839,92
2116,654,3804,49992,760,130
7384,708,3741,50008,748,141
20600,758,3799,50005,759,151
54144,758,3826,49999,765,151
127112,826,3982,49989,796,165
267304,830,4092,49988,818,166
484001,882,3616,49782,726,177
967502,1041,3623,49875,726,208
1936679,1378,3641,50367,722,273
------follows------partation------
0,682,4074,49683,819,137
268,693,4341,50248,863,137
410,707,4184,49680,842,142
556,694,3801,50129,758,138
753,694,3801,50239,756,138
1021,817,3681,50019,735,163
1455,792,3509,49967,702,158
2060,830,3413,49959,683,166
3253,1097,3687,50073,736,219
5790,1292,3828,50003,765,258
------weibocount------partation------
9,1055,4435,49945,887,211
603,1002,4645,50023,928,200
1093,946,4363,49979,872,189
1587,1045,4698,50020,939,208
2070,834,4545,50012,908,166
2728,825,4191,50016,837,164
3643,731,3652,49804,733,146
5073,631,3265,50076,651,126
7569,572,2399,50122,478,114
13995,657,2126,50003,425,131
------samecorp------category------
0,3363,15737,223348,704,150
1,4935,22582,276652,816,178
------sameschool------category------
0,5364,26130,345980,755,155
1,2934,12188,154009,791,190
2,0,1,11,833,0
------qinmidu------partation------
-1,7005,25834,333831,773,209
175,458,3708,50836,729,90
350,492,4922,65089,756,75
1043,343,3855,50244,767,68
------bridgenum------partation------
1,3663,14433,207219,696,176
2,2206,13723,159059,862,138
3,1258,6240,72382,862,173
5,1171,3923,61340,639,190
------level------category------
1,633,1779,26149,680,242
2,2153,8731,117660,742,182
3,5503,27781,355798,780,154
-1,9,28,393,710,228
------isred------category------
0,8063,37482,488257,767,165
1,226,809,11350,712,199
-1,9,28,393,710,228
------isvip------category------
0,5589,27466,353578,776,158
1,2700,10825,146029,741,184
-1,9,28,393,710,228
------samecluster------category------
0,5155,24343,335265,726,153
1,2493,11579,137816,840,180
2,591,2190,24722,885,239
3,59,207,2197,941,268
------histroyrpm------partation------
-1,329,548,46754,117,70
25,535,1135,51353,221,104
41,549,1497,49520,302,110
57,590,2202,51263,429,115
74,603,2716,49539,548,121
93,790,3640,50840,715,155
115,860,4322,49608,871,173
144,1125,5507,49972,1101,225
181,1336,6845,50876,1345,262
245,1581,9907,50275,1970,314
------histroyctr------partation------
-1,77,2477,40981,604,18
6,233,3265,54629,597,42
11,409,3405,53800,632,76
16,455,3276,47336,692,96
21,661,3483,48742,714,135
27,791,3924,53134,738,148
34,848,4041,48872,826,173
43,1144,4051,50351,804,227
57,1551,4971,51195,970,302
91,2129,5426,50960,1064,417
------histroyrpm2------partation------
-1,336,5108,48453,1054,69
278,575,5156,51318,1004,112
395,685,4896,50001,979,136
524,732,4759,49626,958,147
641,707,3887,45236,859,156
776,915,3452,55006,627,166
986,1087,3573,50251,711,216
1312,1065,3066,50093,612,212
1934,1261,2886,50000,577,252
2782,935,1536,50016,307,186
------rpmctr------cross------
0,9,63,7920,79,11
1,9,93,4845,191,18
2,3,173,5416,319,5
3,5,191,4356,438,11
4,10,213,4110,518,24
5,11,301,4143,726,26
6,6,260,2814,923,21
7,9,306,2527,1210,35
8,8,344,2374,1448,33
9,7,533,2476,2151,28
600,41,36,2859,125,143
601,73,149,6194,240,117
602,60,131,3922,333,152
603,53,163,3704,439,143
604,90,298,4968,599,181
605,97,380,5283,719,183
606,76,360,4065,885,186
607,75,447,4505,992,166
608,138,967,7483,1292,184
609,145,1110,5889,1884,246
100,23,76,6610,114,34
101,23,113,7164,157,32
102,18,135,5727,235,31
103,32,265,6485,408,49
104,23,333,5967,557,38
105,31,499,7125,700,43
106,35,576,6707,858,52
107,22,447,4147,1077,53
108,14,396,2843,1392,49
109,12,425,1854,2291,64
700,50,72,3744,192,133
701,64,84,4543,184,140
702,83,173,5457,316,152
703,76,214,4551,470,166
704,93,234,4264,548,218
705,138,385,5687,676,242
706,143,484,5961,811,239
707,139,482,4612,1044,301
708,176,696,5462,1274,322
709,182,1227,6070,2021,299
200,27,62,5656,109,47
201,31,129,5394,239,57
202,38,134,5590,239,67
203,47,251,7976,314,58
204,48,357,6714,531,71
205,54,402,5442,738,99
206,64,643,6958,923,91
207,43,503,4436,1133,96
208,39,564,3877,1454,100
209,18,360,1757,2047,102
800,30,19,1934,98,155
801,54,76,3215,236,167
802,98,135,4328,311,226
803,108,255,5275,483,204
804,84,266,4823,551,174
805,137,397,5109,776,268
806,131,367,4411,831,296
807,264,791,6473,1221,407
808,275,941,6703,1403,410
809,370,1724,8924,1931,414
300,34,62,5471,113,62
301,42,101,4674,216,89
302,50,177,5178,341,96
303,33,188,4547,413,72
304,43,277,5510,502,78
305,51,393,5440,722,93
306,39,279,3088,903,126
307,74,766,6931,1105,106
308,53,475,3489,1361,151
309,36,558,3008,1854,119
900,16,14,1071,130,149
901,74,73,3172,230,233
902,68,94,2882,326,235
903,114,187,4225,442,269
904,90,178,3214,553,279
905,150,330,4879,676,307
906,179,442,5049,875,354
907,356,852,7867,1082,452
908,452,1128,8513,1324,530
909,630,2128,10088,2109,624
400,58,76,6163,123,94
401,52,111,4388,252,118
402,51,162,5137,315,99
403,51,240,4780,501,106
404,65,281,5381,522,120
405,69,303,4349,696,158
406,97,512,6028,849,160
407,45,348,3055,1138,147
408,96,669,5104,1310,188
409,77,781,4357,1792,176
500,41,68,5326,127,76
501,113,206,7764,265,145
502,80,183,5883,311,135
503,71,248,5364,462,132
504,57,279,4588,607,124
505,52,250,3383,738,153
506,90,399,4527,881,198
507,98,565,5419,1042,180
508,85,665,5028,1322,169
509,104,1061,5852,1812,177
------member------category------
0,2274,12861,172758,744,131
1,5420,25794,327242,788,165
------age------category------
0,7694,38655,500000,773,153
------gender------category------
1,3193,12810,225104,569,141
2,4501,25845,274896,940,163
------newV------category------
0,7694,38655,500000,773,153
------sameprovice------category------
0,6682,31250,418978,745,159
1,1012,7405,81022,913,124
------samecity------category------
0,7278,35224,464580,758,156
1,416,3431,35420,968,117
------fans------partation------
11,454,4117,49993,823,90
2110,622,3912,50004,782,124
7340,676,3683,50002,736,135
20310,714,3989,49994,797,142
53411,675,3816,49931,764,135
125884,755,3880,50049,775,150
267304,722,4205,49758,845,145
484175,834,3698,50269,735,165
964184,992,3603,49477,728,200
1936679,1250,3752,50523,742,247
------follows------partation------
0,687,4192,49897,840,137
268,683,4263,49871,854,136
409,668,4273,50076,853,133
556,610,3753,50085,749,121
751,641,3716,50071,742,128
1019,703,3736,49843,749,141
1457,708,3560,50153,709,141
2066,765,3395,49979,679,153
3277,955,3778,49516,762,192
5777,1274,3989,50509,789,252
------weibocount------partation------
0,1046,4503,49963,901,209
599,972,4576,49780,919,195
1082,912,4455,50127,888,181
1584,935,4753,50120,948,186
2058,761,4500,49998,900,152
2715,738,4212,49757,846,148
3637,620,3715,49536,749,125
5073,588,3332,49889,667,117
7569,567,2462,50818,484,111
14058,555,2147,50012,429,110
------samecorp------category------
0,3027,15508,222040,698,136
1,4667,23147,277960,832,167
------sameschool------category------
0,5100,26576,348695,762,146
1,2594,12076,151294,798,171
2,0,3,11,2500,0
------qinmidu------partation------
-1,6399,25896,331030,782,193
175,431,3820,51046,748,84
350,483,4945,65823,751,73
1043,381,3994,52101,766,73
------bridgenum------partation------
1,3067,13741,202091,679,151
2,2250,14587,162858,895,138
3,1211,6374,73023,872,165
5,1166,3953,62028,637,187
------level------category------
1,543,1756,25853,679,210
2,1976,8592,116982,734,168
3,5168,28291,356910,792,144
-1,7,16,255,625,273
------isred------category------
0,7489,37790,488389,773,153
1,198,849,11356,747,174
-1,7,16,255,625,273
------isvip------category------
0,5237,27986,355453,787,147
1,2450,10653,144292,738,169
-1,7,16,255,625,273
------samecluster------category------
0,4875,24661,336354,733,144
1,2284,11647,137063,849,166
2,479,2152,24368,883,196
3,56,195,2215,879,252
------histroyrpm------partation------
-1,300,528,46396,113,64
25,503,1121,51659,216,97
41,516,1520,49327,308,104
57,584,2001,49946,400,116
74,586,2736,50405,542,116
94,678,3602,50146,718,135
116,812,4547,52024,874,156
148,1077,5617,49905,1125,215
186,1133,6701,49221,1361,230
248,1505,10282,50971,2017,295
------histroyctr------partation------
-1,73,2366,40865,578,17
6,216,3163,54561,579,39
11,320,3370,52984,636,60
16,449,3304,46947,703,95
21,590,3419,48214,709,122
27,749,3902,52963,736,141
34,809,4315,49873,865,162
43,1056,4241,51198,828,206
57,1452,5061,51375,985,282
91,1980,5514,51020,1080,388
------histroyrpm2------partation------
-1,403,5316,48975,1085,82
278,523,5209,50723,1026,103
394,602,4872,50262,969,119
522,662,4822,50006,964,132
641,608,3844,44728,859,135
776,861,3618,55302,654,155
993,1022,3641,49985,728,204
1317,926,2936,49985,587,185
1935,1215,2928,49952,586,243
2795,872,1469,50082,293,174
------rpmctr------cross------
0,8,55,7644,71,10
1,9,87,4886,178,18
2,10,135,5309,254,18
3,10,164,4296,381,23
4,10,236,4131,571,24
5,10,298,4023,740,24
6,4,256,3221,794,12
7,3,249,2375,1047,12
8,6,328,2414,1358,24
9,3,558,2566,2173,11
600,37,40,2788,143,132
601,75,152,6444,235,116
602,56,147,4040,363,138
603,60,179,3616,494,165
604,75,268,4841,553,154
605,81,389,5331,729,151
606,83,382,4360,875,190
607,77,579,5061,1143,152
608,121,995,7177,1386,168
609,144,1184,6215,1904,231
100,18,72,6673,107,26
101,23,109,7232,150,31
102,15,138,5820,237,25
103,28,226,6195,364,45
104,24,299,6118,488,39
105,31,517,7013,737,44
106,35,621,7175,865,48
107,29,454,4124,1100,70
108,7,310,2389,1297,29
109,6,417,1822,2287,32
700,45,48,3815,125,117
701,39,90,4551,197,85
702,85,209,5569,375,152
703,69,194,4492,431,153
704,93,307,4606,666,201
705,129,407,5920,687,217
706,119,459,5724,801,207
707,124,494,4597,1074,269
708,173,725,5596,1295,309
709,180,1308,6328,2066,284
200,26,58,5684,102,45
201,27,125,5240,238,51
202,29,139,5475,253,52
203,42,245,7930,308,52
204,45,383,6696,571,67
205,39,396,5309,745,73
206,42,647,6714,963,62
207,25,475,4373,1085,57
208,29,582,3957,1470,73
209,16,320,1606,1991,99
800,26,33,1895,174,137
801,45,68,3190,213,141
802,69,137,4237,323,162
803,95,200,5212,383,182
804,109,248,5156,480,211
805,124,371,4974,745,249
806,140,480,5050,950,277
807,257,838,6342,1321,405
808,235,937,6402,1463,367
809,352,1749,8917,1961,394
300,42,80,5528,144,75
301,31,103,4586,224,67
302,45,180,5271,341,85
303,42,170,4430,383,94
304,39,253,5204,486,74
305,56,396,5378,736,104
306,43,350,3597,972,119
307,62,709,6339,1118,97
308,44,461,3398,1356,129
309,45,602,3216,1871,139
900,10,4,1010,39,98
901,76,58,3146,184,241
902,76,87,2778,313,273
903,117,197,4124,477,283
904,70,145,3220,450,217
905,123,317,4865,651,252
906,186,445,5491,810,338
907,367,849,7874,1078,466
908,364,1138,8348,1363,435
909,591,2274,10164,2237,581
400,53,72,6177,116,85
401,49,116,4383,264,111
402,60,160,4990,320,120
403,54,197,4671,421,115
404,60,328,5412,605,110
405,44,295,4140,712,106
406,90,489,6055,807,148
407,36,333,3007,1107,119
408,71,646,5119,1261,138
409,73,783,4260,1837,171
500,35,66,5182,127,67
501,129,213,8001,266,161
502,71,188,5838,321,121
503,67,229,4980,459,134
504,61,269,5021,535,121
505,41,216,3193,676,128
506,70,418,4637,901,150
507,97,637,5813,1095,166
508,83,579,4421,1309,187
509,95,1087,5877,1849,161
------member------category------
0,2407,14596,172999,843,139
1,6256,28121,327001,859,191
------age------category------
0,8663,42717,500000,854,173
------gender------category------
1,3576,14571,224404,649,159
2,5087,28146,275596,1021,184
------newV------category------
0,8663,42717,500000,854,173
------sameprovice------category------
0,7480,34422,417211,825,179
1,1183,8295,82789,1001,142
------samecity------category------
0,8190,38864,463592,838,176
1,473,3853,36408,1058,129
------fans------partation------
1,452,4716,49997,943,90
2049,664,4283,49995,856,132
7158,716,4090,50008,817,143
20221,839,4271,49997,854,167
53246,828,4197,49799,842,166
126046,849,4362,50203,868,169
269340,857,4642,49990,928,171
486961,994,3994,49769,802,199
967502,1030,3977,49567,802,207
1936679,1434,4185,50675,825,282
------follows------partation------
0,746,4648,49970,930,149
270,732,4743,49841,951,146
409,726,4583,50107,914,144
556,726,4308,49953,862,145
749,705,4208,49998,841,141
1019,827,4160,50061,830,165
1459,839,3823,50042,763,167
2079,879,3819,49999,763,175
3317,1109,4056,49499,819,224
5777,1374,4369,50530,864,271
------weibocount------partation------
0,1190,4968,50000,993,237
600,1066,5136,49846,1030,213
1082,945,4789,49718,963,190
1584,1032,5283,50273,1050,205
2075,861,5032,50161,1003,171
2734,866,4796,49990,959,173
3642,716,4042,50012,808,143
5078,674,3492,49081,711,137
7569,608,2805,50890,551,119
14058,705,2374,50029,474,140
------samecorp------category------
0,3524,17370,223668,776,157
1,5139,25347,276332,917,185
------sameschool------category------
0,5757,29410,349353,841,164
1,2906,13305,150633,883,192
2,0,2,14,1333,0
------qinmidu------partation------
-1,7103,28320,331528,854,214
175,524,4284,51669,829,101
350,604,5768,66372,869,91
1043,432,4345,50431,861,85
------bridgenum------partation------
1,3489,15251,198887,766,175
2,2467,16050,164740,974,149
3,1428,6938,73315,946,194
5,1279,4478,63058,710,202
------level------category------
1,660,1914,25754,743,256
2,2240,9661,116576,828,192
3,5758,31128,357510,870,161
-1,5,14,160,869,310
------isred------category------
0,8433,41783,488469,855,172
1,225,920,11371,809,197
-1,5,14,160,869,310
------isvip------category------
0,5836,30751,355187,865,164
1,2822,11952,144653,826,195
-1,5,14,160,869,310
------samecluster------category------
0,5563,27595,336868,819,165
1,2498,12605,136663,922,182
2,548,2299,24306,945,225
3,54,218,2163,1007,249
------histroyrpm------partation------
-1,389,645,49354,130,78
26,580,1290,49856,258,116
42,557,1682,49545,339,112
58,631,2205,49778,442,126
75,578,3093,49545,624,116
95,824,3910,50422,775,163
117,845,4976,51195,971,165
150,1160,6090,48974,1243,236
187,1357,7910,51189,1545,265
250,1742,10916,50142,2176,347
------histroyctr------partation------
-1,96,2719,40840,665,23
6,253,3665,54474,672,46
11,361,3737,53387,699,67
16,507,3643,47358,769,107
21,675,3850,48442,794,139
27,883,4440,53373,831,165
34,955,4474,49414,905,193
43,1146,4589,50355,911,227
57,1599,5657,52196,1083,306
92,2188,5943,50161,1184,436
------histroyrpm2------partation------
-1,392,5969,49707,1200,78
278,597,5746,50203,1144,118
390,704,5332,49983,1066,140
514,713,5268,49857,1056,143
631,824,4448,47261,941,174
776,890,3688,52570,701,169
980,1089,3900,50318,775,216
1308,1114,3409,49886,683,223
1917,1366,3275,50207,652,272
2795,974,1682,50008,336,194
------rpmctr------cross------
0,16,65,7879,82,20
1,12,90,4720,190,25
2,12,167,5094,327,23
3,13,177,4252,416,30
4,4,255,4371,583,9
5,13,315,3935,800,33
6,9,311,3400,914,26
7,7,319,2309,1380,30
8,4,390,2238,1741,17
9,6,630,2642,2383,22
600,39,61,3373,180,115
601,94,136,5898,230,159
602,60,140,4011,348,149
603,76,192,4138,463,183
604,71,259,4099,631,173
605,109,410,5562,737,195
606,88,370,3994,926,220
607,101,585,4860,1203,207
608,133,1071,7191,1489,184
609,184,1250,6288,1987,292
100,19,97,6822,142,27
101,28,121,7028,172,39
102,24,170,5668,299,42
103,25,253,6287,402,39
104,30,381,6399,595,46
105,38,503,6877,731,55
106,43,722,7097,1017,60
107,25,529,3988,1326,62
108,13,399,2429,1641,53
109,8,490,1879,2606,42
700,68,49,3978,123,170
701,72,109,4405,247,163
702,97,195,5376,362,180
703,79,216,4210,512,187
704,80,316,4582,689,174
705,146,419,5835,717,250
706,118,535,5469,978,215
707,140,541,4595,1177,304
708,162,853,5667,1504,285
709,184,1356,6238,2173,294
200,35,92,5805,158,60
201,30,142,5318,266,56
202,18,140,5495,254,32
203,55,294,8643,340,63
204,38,350,5871,596,64
205,45,447,5470,817,82
206,54,651,6757,963,79
207,30,566,4304,1314,69
208,33,666,4067,1637,81
209,23,389,1657,2346,138
800,33,25,2022,123,163
801,49,88,3091,284,158
802,92,165,4667,353,197
803,118,269,5468,491,215
804,96,321,5012,640,191
805,127,371,4450,833,285
806,151,525,5291,992,285
807,251,851,6366,1336,394
808,237,960,6127,1566,386
809,445,2082,9702,2145,458
300,52,79,5673,139,91
301,37,97,4346,223,85
302,46,199,5220,381,88
303,48,169,4453,379,107
304,44,322,5363,600,82
305,68,468,5651,828,120
306,37,348,3584,970,103
307,77,758,6430,1178,119
308,72,700,4433,1578,162
309,26,503,2205,2280,117
900,8,11,1116,98,71
901,66,92,3137,293,210
902,69,90,2804,320,245
903,82,184,3757,489,218
904,79,229,3283,697,240
905,146,344,4844,710,301
906,185,474,5004,947,369
907,389,968,7876,1228,493
908,479,1287,8354,1540,573
909,685,2264,9986,2266,685
400,66,85,6504,130,101
401,47,109,4186,260,112
402,55,192,4872,394,112
403,67,235,4506,521,148
404,61,304,5358,567,113
405,58,358,4336,825,133
406,77,570,6067,939,126
407,51,339,2889,1173,176
408,118,784,5399,1451,218
409,75,874,4325,2020,173
500,53,81,6182,131,85
501,145,306,7727,395,187
502,84,224,6338,353,132
503,68,216,4064,531,167
504,75,356,5207,683,144
505,74,275,3462,794,213
506,83,470,4532,1036,183
507,89,634,5357,1183,166
508,106,800,5284,1513,200
509,106,1078,5220,2064,203
------member------category------
0,2418,14467,173527,833,139
1,6074,28113,326473,861,186
------age------category------
0,8492,42580,500000,851,169
------gender------category------
1,3683,14768,225483,654,163
2,4809,27812,274517,1013,175
------newV------category------
0,8492,42580,500000,851,169
------sameprovice------category------
0,7357,34576,418772,825,175
1,1135,8004,81228,985,139
------samecity------category------
0,8019,38861,463986,837,172
1,473,3719,36014,1032,131
------fans------partation------
16,503,4538,49994,907,100
2052,634,4419,49995,883,126
7141,696,4058,50007,811,139
20025,820,4253,49975,851,164
53141,854,4209,49858,844,171
126046,798,4396,50073,877,159
270279,839,4547,50097,907,167
486032,919,4038,49996,807,183
980133,989,4017,49559,810,199
1936679,1440,4105,50446,813,285
------follows------partation------
0,705,4608,49703,927,141
268,729,4754,50179,947,145
408,704,4540,49862,910,141
553,710,4349,49829,872,142
746,712,4166,50269,828,141
1016,770,4064,50066,811,153
1455,805,3875,50033,774,160
2060,869,3763,50050,751,173
3285,1113,4050,49875,812,223
5868,1375,4411,50134,879,274
------weibocount------partation------
0,1196,5045,49957,1009,239
590,1054,5262,50009,1052,210
1071,849,4672,50012,934,169
1566,987,5112,49963,1023,197
2038,832,4904,50055,979,166
2700,840,4748,49973,950,168
3613,661,4083,49587,823,133
5073,632,3643,50120,726,126
7569,641,2729,50314,542,127
14034,800,2382,50010,476,159
------samecorp------category------
0,3481,17287,221920,778,156
1,5011,25293,278080,909,180
------sameschool------category------
0,5653,29341,350329,837,161
1,2839,13238,149661,884,189
2,0,1,10,909,0
------qinmidu------partation------
-1,6937,28153,328011,858,211
175,490,4316,52182,827,93
350,583,5653,67148,841,86
1043,482,4458,52659,846,91
------bridgenum------partation------
1,3479,14858,197556,752,176
2,2469,16371,167016,980,147
3,1322,6911,73113,945,180
5,1222,4440,62315,712,196
------level------category------
1,626,2002,25700,778,243
2,2143,9548,116832,817,183
3,5715,31023,357332,868,159
-1,8,7,136,510,583
------isred------category------
0,8254,41653,488735,852,168
1,230,920,11129,826,206
-1,8,7,136,510,583
------isvip------category------
0,5756,30692,355193,864,162
1,2728,11881,144671,821,188
-1,8,7,136,510,583
------samecluster------category------
0,5560,27522,337797,814,164
1,2391,12644,136093,929,175
2,495,2200,23950,918,206
3,46,214,2160,990,212
------histroyrpm------partation------
-1,437,614,48856,125,89
26,613,1172,49086,238,124
42,622,1736,50007,347,124
58,603,2258,49522,455,121
75,643,3257,52254,623,123
96,725,3966,50062,792,144
118,833,4863,49521,981,168
150,1143,5973,48645,1227,234
187,1256,7646,51581,1482,243
250,1617,11095,50466,2198,320
------histroyctr------partation------
-1,84,2680,40964,654,20
6,241,3557,53897,659,44
11,374,3765,53048,709,70
16,452,3562,47015,757,96
21,657,3836,48606,789,135
27,884,4181,52601,794,168
34,1001,4892,53813,909,186
44,1151,4667,49737,938,231
58,1499,5423,50004,1084,299
92,2149,6017,50315,1195,427
------histroyrpm2------partation------
-1,359,6017,49999,1203,71
278,579,5527,49845,1108,116
388,681,5396,50150,1075,135
514,712,5153,49844,1033,142
631,701,4402,47148,933,148
776,887,3703,52946,699,167
981,1024,3897,50040,778,204
1307,1110,3464,49866,694,222
1917,1421,3368,49854,675,285
2769,1018,1653,50308,328,202
------rpmctr------cross------
0,15,63,8046,78,18
1,5,73,4577,159,10
2,7,161,5157,312,13
3,12,186,4093,454,29
4,9,272,4517,602,19
5,10,343,4022,852,24
6,8,318,3231,983,24
7,9,295,2326,1267,38
8,3,332,2297,1444,13
9,6,637,2698,2360,22
600,66,47,3868,121,170
601,101,159,6367,249,158
602,68,161,4549,353,149
603,90,215,4404,488,204
604,59,297,4620,642,127
605,106,461,5930,777,178
606,95,440,4277,1028,222
607,116,704,5863,1200,197
608,120,1048,7315,1432,164
609,180,1360,6620,2054,271
100,27,83,6494,127,41
101,23,106,6986,151,32
102,34,164,5604,292,60
103,20,287,6072,472,32
104,27,393,6922,567,39
105,36,474,6469,732,55
106,30,701,7083,989,42
107,21,487,3927,1239,53
108,14,403,2443,1648,57
109,9,459,1897,2418,47
700,61,53,3746,141,162
701,68,95,4099,231,165
702,98,198,5128,386,191
703,83,243,4817,504,172
704,106,309,4829,639,219
705,121,487,5642,863,214
706,153,545,5407,1007,282
707,99,423,3623,1167,273
708,191,925,6290,1470,303
709,171,1389,6156,2255,277
200,22,68,5676,119,38
201,34,130,5118,253,66
202,37,162,5588,289,66
203,52,311,8581,362,60
204,43,418,6189,675,69
205,53,513,5867,874,90
206,52,661,6193,1067,83
207,31,519,4184,1240,74
208,30,597,4006,1489,74
209,20,386,1646,2343,121
800,42,38,1980,191,212
801,51,64,2940,217,173
802,99,168,4461,376,221
803,91,234,5028,465,180
804,108,319,5106,624,211
805,103,338,4076,829,252
806,121,490,5007,978,241
807,274,936,6464,1447,423
808,212,832,5448,1526,389
809,398,2004,9494,2110,419
300,44,66,5477,120,80
301,31,95,4406,215,70
302,50,216,5377,401,92
303,50,187,4488,416,111
304,55,342,5749,594,95
305,48,367,5079,722,94
306,22,326,3517,926,62
307,71,754,6298,1197,112
308,59,705,4461,1580,132
309,22,504,2163,2329,101
900,19,12,1108,108,171
901,85,90,3323,270,255
902,71,93,2713,342,261
903,85,186,3680,505,230
904,88,229,3429,667,256
905,155,381,4935,771,314
906,191,431,4794,898,398
907,384,940,7713,1218,497
908,442,1232,8484,1451,520
909,629,2423,10136,2390,620
400,61,92,6472,142,94
401,70,109,4244,256,164
402,67,192,4983,385,134
403,53,215,4445,483,119
404,61,337,5554,606,109
405,47,327,4232,772,111
406,81,547,5900,926,137
407,39,317,2880,1100,135
408,97,802,5474,1464,177
409,81,898,4422,2030,183
500,80,92,5989,153,133
501,145,251,7026,357,206
502,91,221,6447,342,141
503,67,194,3914,495,171
504,87,341,5339,638,162
505,46,275,3810,721,120
506,80,404,4112,982,194
507,99,598,5367,1114,184
508,88,770,5363,1435,164
509,101,1035,5234,1977,192
