iter: 0
[47]
[0.58246886714614698]
47 18
iter: 1
[46, 47]
[0.58246886714614698, 0.62409445468065783]
46 18
47 18
iter: 2
[45, 46, 47]
[0.58246886714614698, 0.62409445468065783, 0.65692317900598596]
45 18
46 18
47 18
iter: 3
[44, 45, 46, 47]
[0.58246886714614698, 0.62409445468065783, 0.65692317900598596, 0.67861950406835747]
44 18
45 18
46 18
47 18
iter: 4
[43, 44, 45, 46, 47]
[0.58246886714614698, 0.62409445468065783, 0.65692317900598596, 0.67861950406835747, 0.69087551317635876]
43 18
44 18
45 18
46 18
47 18
iter: 5
[42, 43, 44, 45, 46, 47]
[0.58246886714614698, 0.62409445468065783, 0.65692317900598596, 0.67861950406835747, 0.69087551317635876, 0.69908250077572465]
42 18
43 18
44 18
45 18
46 18
47 18
iter: 6
[38, 42, 43, 44, 45, 46, 47]
[0.58246886714614698, 0.62409445468065783, 0.65692317900598596, 0.67861950406835747, 0.69087551317635876, 0.69908250077572465, 0.70326259880778208]
38 18
42 18
43 18
44 18
45 18
46 18
47 18
iter: 7
[38, 41, 42, 43, 44, 45, 46, 47]
[0.58246886714614698, 0.62409445468065783, 0.65692317900598596, 0.67861950406835747, 0.69087551317635876, 0.69908250077572465, 0.70326259880778208, 0.70505123985929774]
38 18
41 18
42 18
43 18
44 18
45 18
46 18
47 18
iter: 8
[38, 41, 42, 43, 44, 45, 46, 47, 57]
[0.58246886714614698, 0.62409445468065783, 0.65692317900598596, 0.67861950406835747, 0.69087551317635876, 0.69908250077572465, 0.70326259880778208, 0.70505123985929774, 0.70660523889508842]
38 18
41 18
42 18
43 18
44 18
45 18
46 18
47 18
57 19
iter: 9
[34, 38, 41, 42, 43, 44, 45, 46, 47, 57]
[0.58246886714614698, 0.62409445468065783, 0.65692317900598596, 0.67861950406835747, 0.69087551317635876, 0.69908250077572465, 0.70326259880778208, 0.70505123985929774, 0.70660523889508842, 0.70787053587597015]
34 13
38 18
41 18
42 18
43 18
44 18
45 18
46 18
47 18
57 19
iter: 10
[34, 38, 41, 42, 43, 44, 45, 46, 47, 57, 30]
[0.58246886714614698, 0.62409445468065783, 0.65692317900598596, 0.67861950406835747, 0.69087551317635876, 0.69908250077572465, 0.70326259880778208, 0.70505123985929774, 0.70660523889508842, 0.70787053587597015, 0.70850417040895264]
34 13
38 18
41 18
42 18
43 18
44 18
45 18
46 18
47 18
57 19
30 12
iter: 11
[34, 38, 41, 42, 43, 44, 45, 46, 47, 56, 57, 30]
[0.58246886714614698, 0.62409445468065783, 0.65692317900598596, 0.67861950406835747, 0.69087551317635876, 0.69908250077572465, 0.70326259880778208, 0.70505123985929774, 0.70660523889508842, 0.70787053587597015, 0.70850417040895264, 0.7089235858489733]
34 13
38 18
41 18
42 18
43 18
44 18
45 18
46 18
47 18
56 19
57 19
30 12
iter: 12
[34, 38, 41, 42, 43, 44, 45, 46, 47, 55, 56, 57, 30]
[0.58246886714614698, 0.62409445468065783, 0.65692317900598596, 0.67861950406835747, 0.69087551317635876, 0.69908250077572465, 0.70326259880778208, 0.70505123985929774, 0.70660523889508842, 0.70787053587597015, 0.70850417040895264, 0.7089235858489733, 0.70943910057759541]
34 13
38 18
41 18
42 18
43 18
44 18
45 18
46 18
47 18
55 19
56 19
57 19
30 12
iter: 13
[34, 38, 40, 41, 42, 43, 44, 45, 46, 47, 55, 56, 57, 30]
[0.58246886714614698, 0.62409445468065783, 0.65692317900598596, 0.67861950406835747, 0.69087551317635876, 0.69908250077572465, 0.70326259880778208, 0.70505123985929774, 0.70660523889508842, 0.70787053587597015, 0.70850417040895264, 0.7089235858489733, 0.70943910057759541, 0.70968313993948762]
34 13
38 18
40 18
41 18
42 18
43 18
44 18
45 18
46 18
47 18
55 19
56 19
57 19
30 12
