../result/newlog.txt ../conf/features.txt ../result/dis.txt
data loaded 100000
[1, 0, 0, 0, 0, 0, 0, 0, 0, 0, 0, 1, 0, 0, 0, 0, 0, 0, 0, 0, 0, 1, 0, 0, 0, 0, 0, 0, 0, 0, 1, 0, 0, 0, 1, 0, 0, 0, 0, 0, 0, 0, 0, 0, 0, 0, 0, 1, 0, 1, 0, 0, 0, 0, 0, 0, 0, 0, 0, 0, 1, 0, 0, 0, 0, 0, 0, 0]
1
3
data loaded 200000
[0, 0, 0, 0, 0, 1, 0, 0, 0, 0, 0, 0, 1, 0, 0, 0, 0, 0, 0, 0, 0, 0, 0, 1, 0, 0, 0, 0, 0, 0, 1, 0, 0, 0, 0, 0, 0, 1, 0, 0, 0, 0, 0, 0, 0, 1, 0, 0, 0, 0, 0, 0, 0, 1, 0, 0, 0, 0, 0, 0, 0, 1, 0, 0, 0, 0, 0, 0]
0
1
data loaded 300000
[0, 1, 0, 0, 0, 0, 0, 0, 0, 0, 0, 0, 1, 0, 0, 0, 0, 0, 0, 0, 0, 0, 0, 0, 0, 0, 1, 0, 0, 0, 0, 1, 0, 0, 1, 0, 0, 0, 0, 0, 0, 0, 0, 0, 0, 1, 0, 0, 0, 0, 0, 0, 0, 0, 0, 0, 1, 0, 0, 0, 0, 0, 0, 1, 0, 0, 0, 0]
1
5
data loaded 400000
[0, 0, 0, 0, 0, 0, 0, 0, 0, 1, 0, 0, 0, 0, 0, 0, 0, 0, 0, 1, 0, 1, 0, 0, 0, 0, 0, 0, 0, 0, 0, 0, 1, 0, 1, 0, 0, 0, 0, 0, 0, 0, 1, 0, 0, 0, 0, 0, 0, 0, 0, 0, 0, 0, 0, 0, 1, 0, 0, 0, 0, 0, 0, 0, 0, 0, 0, 1]
0
3
data loaded 500000
[0, 0, 0, 0, 1, 0, 0, 0, 0, 0, 0, 0, 0, 0, 0, 1, 0, 0, 0, 0, 0, 0, 0, 0, 0, 0, 1, 0, 0, 0, 1, 0, 0, 0, 1, 0, 0, 0, 0, 0, 0, 0, 1, 0, 0, 0, 0, 0, 0, 0, 0, 0, 0, 0, 0, 0, 1, 0, 0, 0, 0, 0, 0, 1, 0, 0, 0, 0]
1
1
0 0.536842351954
1 0.378432384736
             precision    recall  f1-score   support

        neg       0.00      0.00      0.00      5938
        pos       0.58      1.00      0.74      8370

avg / total       0.34      0.58      0.43     14308

0 'th cv,auc: 0.711486746963
1 0.474712267037
0 0.390536211238
             precision    recall  f1-score   support

        neg       0.00      0.00      0.00      5904
        pos       0.58      1.00      0.74      8255

avg / total       0.34      0.58      0.43     14159

1 'th cv,auc: 0.710246407696
1 0.813709727059
1 0.691052536571
             precision    recall  f1-score   support

        neg       0.00      0.00      0.00      5991
        pos       0.58      1.00      0.74      8329

avg / total       0.34      0.58      0.43     14320

2 'th cv,auc: 0.707841708134
0 0.618991285704
1 0.714694898846
             precision    recall  f1-score   support

        neg       0.00      0.00      0.00      5921
        pos       0.59      1.00      0.74      8451

avg / total       0.35      0.59      0.44     14372

3 'th cv,auc: 0.709446966209
0 0.427411424347
1 0.804785276406
             precision    recall  f1-score   support

        neg       0.00      0.00      0.00      5916
        pos       0.58      1.00      0.74      8320

avg / total       0.34      0.58      0.43     14236

4 'th cv,auc: 0.708812192815
1 0.804277221826
0 0.447199718665
             precision    recall  f1-score   support

        neg       0.00      0.00      0.00      6010
        pos       0.58      1.00      0.73      8291

avg / total       0.34      0.58      0.43     14301

5 'th cv,auc: 0.712039516819
mean_score:0.709978923106
